Show Decoded Text

Bytes per Row
32

Paste as:

UTF-8

Base64
Paste mode:

Replace

Insert
Replace 0 bytes
Cannot edit in read-only editor

Find Text



No results





00
01
02
03
04
05
06
07
08
09
0A
0B
0C
0D
0E
0F
10
11
12
13
14
15
16
17
18
19
1A
1B
1C
1D
1E
1F
Data Inspector
uint8
0
int8
0
uint16
0
int16
0
uint24
0
int24
0
uint32
0
int32
0
int64
68719476736
uint64
68719476736
float32
0
float64
3.39519326554e-313
UTF-8

UTF-16


Little Endian
00000000

//下为.exe文件中全部数据
4D
5A
90
00
03
00
00
00
04
00
00
00
FF
FF
00
00
B8
00
00
00
00
00
00
00
40
00
00
00
00
00
00
00
00000020
00
00
00
00
00
00
00
00
00
00
00
00
00
00
00
00
00
00
00
00
00
00
00
00
00
00
00
00
80
00
00
00
00000040
0E
1F
BA
0E
00
B4
09
CD
21
B8
01
4C
CD
21
54
68
69
73
20
70
72
6F
67
72
61
6D
20
63
61
6E
6E
6F
00000060
74
20
62
65
20
72
75
6E
20
69
6E
20
44
4F
53
20
6D
6F
64
65
2E
0D
0D
0A
24
00
00
00
00
00
00
00
00000080
50
45
00
00
64
86
14
00
FA
85
00
64
00
44
03
00
9C
07
00
00
F0
00
26
00
0B
02
02
26
00
6E
00
00
000000A0
00
A2
00
00
00
0C
00
00
D0
14
00
00
00
10
00
00
00
00
00
40
01
00
00
00
00
10
00
00
00
02
00
00
000000C0
04
00
00
00
00
00
00
00
05
00
02
00
00
00
00
00
00
10
04
00
00
06
00
00
82
02
04
00
03
00
60
01
000000E0
00
00
20
00
00
00
00
00
00
10
00
00
00
00
00
00
00
00
10
00
00
00
00
00
00
10
00
00
00
00
00
00
00000100
00
00
00
00
10
00
00
00
00
00
00
00
00
00
00
00
00
E0
00
00
10
07
00
00
00
10
01
00
E8
04
00
00
00000120
00
B0
00
00
74
04
00
00
00
00
00
00
00
00
00
00
00
20
01
00
84
00
00
00
00
00
00
00
00
00
00
00
00000140
00
00
00
00
00
00
00
00
00
00
00
00
00
00
00
00
40
90
00
00
28
00
00
00
00
00
00
00
00
00
00
00
00000160
00
00
00
00
00
00
00
00
D4
E1
00
00
98
01
00
00
00
00
00
00
00
00
00
00
00
00
00
00
00
00
00
00
00000180
00
00
00
00
00
00
00
00
2E
74
65
78
74
00
00
00
C8
6C
00
00
00
10
00
00
00
6E
00
00
00
06
00
00
000001A0
00
00
00
00
00
00
00
00
00
00
00
00
60
00
00
60
2E
64
61
74
61
00
00
00
F0
00
00
00
00
80
00
00
000001C0
00
02
00
00
00
74
00
00
00
00
00
00
00
00
00
00
00
00
00
00
40
00
00
C0
2E
72
64
61
74
61
00
00
000001E0
60
10
00
00
00
90
00
00
00
12
00
00
00
76
00
00
00
00
00
00
00
00
00
00
00
00
00
00
40
00
00
40
00000200
2E
70
64
61
74
61
00
00
74
04
00
00
00
B0
00
00
00
06
00
00
00
88
00
00
00
00
00
00
00
00
00
00
00000220
00
00
00
00
40
00
00
40
2E
78
64
61
74
61
00
00
30
04
00
00
00
C0
00
00
00
06
00
00
00
8E
00
00
00000240
00
00
00
00
00
00
00
00
00
00
00
00
40
00
00
40
2E
62
73
73
00
00
00
00
80
0B
00
00
00
D0
00
00
00000260
00
00
00
00
00
00
00
00
00
00
00
00
00
00
00
00
00
00
00
00
80
00
00
C0
2E
69
64
61
74
61
00
00
00000280
10
07
00
00
00
E0
00
00
00
08
00
00
00
94
00
00
00
00
00
00
00
00
00
00
00
00
00
00
40
00
00
C0
000002A0
2E
43
52
54
00
00
00
00
60
00
00
00
00
F0
00
00
00
02
00
00
00
9C
00
00
00
00
00
00
00
00
00
00
000002C0
00
00
00
00
40
00
00
C0
2E
74
6C
73
00
00
00
00
10
00
00
00
00
00
01
00
00
02
00
00
00
9E
00
00
000002E0
00
00
00
00
00
00
00
00
00
00
00
00
40
00
00
C0
2E
72
73
72
63
00
00
00
E8
04
00
00
00
10
01
00
00000300
00
06
00
00
00
A0
00
00
00
00
00
00
00
00
00
00
00
00
00
00
40
00
00
C0
2E
72
65
6C
6F
63
00
00
00000320
84
00
00
00
00
20
01
00
00
02
00
00
00
A6
00
00
00
00
00
00
00
00
00
00
00
00
00
00
40
00
00
42
00000340
2F
34
00
00
00
00
00
00
80
06
00
00
00
30
01
00
00
08
00
00
00
A8
00
00
00
00
00
00
00
00
00
00
00000360
00
00
00
00
40
00
00
42
2F
31
39
00
00
00
00
00
FF
1D
01
00
00
40
01
00
00
1E
01
00
00
B0
00
00
00000380
00
00
00
00
00
00
00
00
00
00
00
00
40
00
00
42
2F
33
31
00
00
00
00
00
58
33
00
00
00
60
02
00
000003A0
00
34
00
00
00
CE
01
00
00
00
00
00
00
00
00
00
00
00
00
00
40
00
00
42
2F
34
35
00
00
00
00
00
000003C0
68
6A
00
00
00
A0
02
00
00
6C
00
00
00
02
02
00
00
00
00
00
00
00
00
00
00
00
00
00
40
00
00
42
